34 (3698)
36 (2770)
59 (3152)
63 (2960)
85 (3698)
86 (3698)
90 (3698)
93 (2768)
2 (3159)
39 (3129)
34 36 (2770)
34 59 (3152)
34 63 (2960)
34 85 (3698)
34 86 (3698)
34 90 (3698)
34 93 (2768)
36 59 (2608)
36 85 (2770)
36 86 (2770)
36 90 (2770)
36 93 (2608)
59 63 (2768)
59 85 (3152)
59 86 (3152)
59 90 (3152)
59 93 (2768)
63 85 (2960)
63 86 (2960)
63 90 (2960)
85 86 (3698)
85 90 (3698)
85 93 (2768)
86 90 (3698)
86 93 (2768)
90 93 (2768)
2 34 (3159)
2 39 (2967)
2 59 (2775)
2 85 (3159)
2 86 (3159)
2 90 (3159)
34 39 (3129)
39 85 (3129)
39 86 (3129)
39 90 (3129)
34 36 59 (2608)
34 36 85 (2770)
34 36 86 (2770)
34 36 90 (2770)
34 36 93 (2608)
34 59 63 (2768)
34 59 85 (3152)
34 59 86 (3152)
34 59 90 (3152)
34 59 93 (2768)
34 63 85 (2960)
34 63 86 (2960)
34 63 90 (2960)
34 85 86 (3698)
34 85 90 (3698)
34 85 93 (2768)
34 86 90 (3698)
34 86 93 (2768)
34 90 93 (2768)
36 59 85 (2608)
36 59 86 (2608)
36 59 90 (2608)
36 59 93 (2608)
36 85 86 (2770)
36 85 90 (2770)
36 85 93 (2608)
36 86 90 (2770)
36 86 93 (2608)
36 90 93 (2608)
59 63 85 (2768)
59 63 86 (2768)
59 63 90 (2768)
59 85 86 (3152)
59 85 90 (3152)
59 85 93 (2768)
59 86 90 (3152)
59 86 93 (2768)
59 90 93 (2768)
63 85 86 (2960)
63 85 90 (2960)
63 86 90 (2960)
85 86 90 (3698)
85 86 93 (2768)
85 90 93 (2768)
86 90 93 (2768)
2 34 39 (2967)
2 34 59 (2775)
2 34 85 (3159)
2 34 86 (3159)
2 34 90 (3159)
2 39 85 (2967)
2 39 86 (2967)
2 39 90 (2967)
2 59 85 (2775)
2 59 86 (2775)
2 59 90 (2775)
2 85 86 (3159)
2 85 90 (3159)
2 86 90 (3159)
34 39 85 (3129)
34 39 86 (3129)
34 39 90 (3129)
39 85 86 (3129)
39 85 90 (3129)
39 86 90 (3129)
34 36 59 85 (2608)
34 36 59 86 (2608)
34 36 59 90 (2608)
34 36 59 93 (2608)
34 36 85 86 (2770)
34 36 85 90 (2770)
34 36 85 93 (2608)
34 36 86 90 (2770)
34 36 86 93 (2608)
34 36 90 93 (2608)
34 59 63 85 (2768)
34 59 63 86 (2768)
34 59 63 90 (2768)
34 59 85 86 (3152)
34 59 85 90 (3152)
34 59 85 93 (2768)
34 59 86 90 (3152)
34 59 86 93 (2768)
34 59 90 93 (2768)
34 63 85 86 (2960)
34 63 85 90 (2960)
34 63 86 90 (2960)
34 85 86 90 (3698)
34 85 86 93 (2768)
34 85 90 93 (2768)
34 86 90 93 (2768)
36 59 85 86 (2608)
36 59 85 90 (2608)
36 59 85 93 (2608)
36 59 86 90 (2608)
36 59 86 93 (2608)
36 59 90 93 (2608)
36 85 86 90 (2770)
36 85 86 93 (2608)
36 85 90 93 (2608)
36 86 90 93 (2608)
59 63 85 86 (2768)
59 63 85 90 (2768)
59 63 86 90 (2768)
59 85 86 90 (3152)
59 85 86 93 (2768)
59 85 90 93 (2768)
59 86 90 93 (2768)
63 85 86 90 (2960)
85 86 90 93 (2768)
2 34 39 85 (2967)
2 34 39 86 (2967)
2 34 39 90 (2967)
2 34 59 85 (2775)
2 34 59 86 (2775)
2 34 59 90 (2775)
2 34 85 86 (3159)
2 34 85 90 (3159)
2 34 86 90 (3159)
2 39 85 86 (2967)
2 39 85 90 (2967)
2 39 86 90 (2967)
2 59 85 86 (2775)
2 59 85 90 (2775)
2 59 86 90 (2775)
2 85 86 90 (3159)
34 39 85 86 (3129)
34 39 85 90 (3129)
34 39 86 90 (3129)
39 85 86 90 (3129)
34 36 59 85 86 (2608)
34 36 59 85 90 (2608)
34 36 59 85 93 (2608)
34 36 59 86 90 (2608)
34 36 59 86 93 (2608)
34 36 59 90 93 (2608)
34 36 85 86 90 (2770)
34 36 85 86 93 (2608)
34 36 85 90 93 (2608)
34 36 86 90 93 (2608)
34 59 63 85 86 (2768)
34 59 63 85 90 (2768)
34 59 63 86 90 (2768)
34 59 85 86 90 (3152)
34 59 85 86 93 (2768)
34 59 85 90 93 (2768)
34 59 86 90 93 (2768)
34 63 85 86 90 (2960)
34 85 86 90 93 (2768)
36 59 85 86 90 (2608)
36 59 85 86 93 (2608)
36 59 85 90 93 (2608)
36 59 86 90 93 (2608)
36 85 86 90 93 (2608)
59 63 85 86 90 (2768)
59 85 86 90 93 (2768)
2 34 39 85 86 (2967)
2 34 39 85 90 (2967)
2 34 39 86 90 (2967)
2 34 59 85 86 (2775)
2 34 59 85 90 (2775)
2 34 59 86 90 (2775)
2 34 85 86 90 (3159)
2 39 85 86 90 (2967)
2 59 85 86 90 (2775)
34 39 85 86 90 (3129)
34 36 59 85 86 90 (2608)
34 36 59 85 86 93 (2608)
34 36 59 85 90 93 (2608)
34 36 59 86 90 93 (2608)
34 36 85 86 90 93 (2608)
34 59 63 85 86 90 (2768)
34 59 85 86 90 93 (2768)
36 59 85 86 90 93 (2608)
2 34 39 85 86 90 (2967)
2 34 59 85 86 90 (2775)
34 36 59 85 86 90 93 (2608)
