25 (1395)
52 (1983)
164 (744)
240 (1399)
274 (2628)
328 (663)
368 (7828)
448 (1370)
538 (3982)
561 (2783)
630 (1523)
687 (1762)
730 (602)
775 (3771)
825 (3085)
834 (1373)
39 (4258)
120 (4973)
205 (3605)
401 (3667)
581 (2943)
704 (1794)
814 (1672)
35 (1984)
249 (615)
674 (2527)
712 (845)
733 (1141)
759 (788)
854 (2847)
950 (1463)
422 (1255)
449 (1890)
857 (1588)
895 (3385)
937 (4681)
964 (1518)
229 (2281)
262 (660)
283 (4082)
294 (1445)
352 (902)
381 (2959)
708 (1090)
738 (2129)
766 (6265)
853 (1804)
883 (4902)
966 (3921)
978 (1141)
26 (527)
104 (1158)
143 (1417)
320 (540)
569 (2835)
620 (2100)
798 (3103)
7 (997)
185 (1529)
214 (1893)
350 (3069)
529 (7057)
658 (1881)
682 (4132)
782 (2767)
809 (2163)
947 (3690)
970 (2086)
227 (1818)
390 (2685)
71 (3507)
192 (2004)
208 (1483)
272 (659)
279 (3014)
280 (2108)
300 (582)
496 (1428)
530 (1263)
597 (2883)
618 (1337)
675 (2976)
720 (3864)
855 (939)
914 (4037)
932 (1786)
183 (3883)
193 (925)
217 (5375)
256 (785)
276 (2479)
277 (982)
474 (815)
512 (611)
626 (874)
653 (2634)
706 (1923)
878 (2047)
161 (2320)
175 (2791)
177 (4629)
424 (1448)
490 (1066)
571 (2902)
623 (1845)
795 (3361)
910 (1695)
960 (2732)
125 (1287)
130 (1711)
327 (662)
839 (854)
392 (2420)
461 (1498)
801 (835)
862 (3649)
27 (2165)
78 (2471)
845 (585)
900 (1165)
921 (2425)
938 (766)
147 (1383)
411 (2047)
572 (1589)
579 (2164)
657 (506)
778 (2514)
803 (2237)
842 (752)
903 (711)
266 (1022)
290 (1793)
458 (1124)
478 (522)
523 (2244)
614 (3134)
888 (3686)
944 (2794)
969 (849)
43 (1721)
70 (2411)
176 (582)
204 (2174)
334 (2146)
369 (592)
480 (2309)
513 (1287)
703 (546)
835 (732)
874 (2237)
278 (657)
151 (2611)
432 (985)
504 (1296)
830 (841)
890 (1437)
73 (2179)
118 (916)
310 (1390)
388 (938)
419 (5057)
469 (1502)
484 (971)
722 (5845)
810 (1267)
844 (2814)
846 (1480)
918 (3012)
528 (576)
967 (1695)
188 (650)
307 (702)
326 (1488)
403 (1722)
526 (2793)
774 (2046)
788 (2386)
789 (4309)
975 (1764)
116 (2193)
198 (1461)
201 (1029)
395 (990)
171 (1097)
541 (3735)
701 (1283)
805 (1789)
946 (1350)
471 (2894)
487 (3135)
631 (2793)
638 (2288)
640 (932)
678 (1329)
735 (1689)
780 (2306)
935 (1742)
17 (1683)
242 (2325)
758 (2860)
763 (1862)
837 (619)
956 (3626)
145 (4559)
385 (1676)
676 (2717)
731 (560)
790 (1094)
792 (1306)
885 (3043)
522 (2725)
565 (640)
617 (2614)
859 (1242)
12 (3415)
296 (2210)
354 (5835)
548 (2843)
684 (5408)
740 (1632)
841 (1927)
210 (2009)
346 (3470)
477 (2462)
605 (1652)
829 (6810)
851 (577)
884 (1645)
234 (1416)
355 (958)
460 (4438)
649 (1292)
746 (1982)
600 (1192)
709 (672)
28 (1454)
157 (1140)
742 (953)
5 (1094)
115 (1775)
178 (654)
517 (1201)
736 (1470)
744 (2177)
919 (3710)
196 (2096)
489 (3420)
494 (5102)
641 (1494)
673 (1635)
723 (829)
362 (4388)
591 (1241)
622 (826)
31 (1666)
58 (1330)
181 (1235)
329 (964)
417 (971)
472 (2125)
573 (1229)
628 (1102)
651 (1288)
111 (1171)
154 (1447)
168 (1538)
213 (522)
436 (589)
580 (1667)
632 (1070)
832 (2062)
871 (2810)
988 (1164)
544 (773)
72 (2852)
295 (712)
585 (856)
220 (717)
981 (1542)
10 (1351)
132 (2641)
172 (663)
464 (848)
21 (2666)
32 (4248)
54 (2595)
136 (707)
239 (2742)
348 (1226)
753 (578)
100 (1749)
194 (517)
500 (1444)
48 (2472)
126 (1075)
319 (1371)
499 (743)
639 (1572)
765 (1705)
521 (1582)
112 (2680)
140 (2687)
285 (2600)
387 (2089)
511 (1015)
594 (1516)
93 (2777)
583 (1389)
606 (2668)
236 (2618)
952 (1574)
90 (1875)
593 (2601)
940 (536)
941 (1126)
122 (1081)
718 (1238)
1 (1535)
423 (1412)
516 (1544)
660 (610)
6 (2149)
69 (2370)
415 (877)
797 (2684)
913 (1939)
980 (899)
577 (1695)
110 (1801)
509 (3044)
611 (1444)
995 (1521)
155 (697)
343 (1599)
430 (580)
447 (863)
527 (1185)
533 (772)
33 (1460)
82 (674)
158 (884)
336 (1071)
989 (1289)
97 (1466)
574 (1297)
793 (3063)
598 (3219)
945 (536)
427 (1856)
470 (4137)
37 (1249)
383 (668)
858 (866)
992 (1116)
55 (1959)
95 (841)
159 (542)
347 (885)
481 (888)
897 (1935)
224 (919)
275 (1692)
364 (567)
51 (1612)
259 (1522)
973 (512)
45 (1728)
162 (1450)
378 (1149)
534 (1531)
711 (714)
633 (780)
672 (743)
906 (1444)
912 (1009)
44 (903)
96 (975)
117 (731)
315 (533)
576 (1337)
642 (830)
879 (865)
18 (813)
373 (2007)
716 (1199)
406 (785)
546 (1050)
568 (956)
665 (1297)
713 (716)
785 (947)
963 (1327)
349 (2041)
794 (624)
8 (3090)
197 (1230)
413 (2637)
749 (1330)
823 (1031)
94 (1201)
982 (1640)
984 (1756)
515 (1166)
692 (4993)
694 (2847)
567 (1102)
824 (565)
2 (673)
57 (2743)
800 (1916)
812 (1518)
41 (1353)
46 (543)
174 (579)
414 (1160)
590 (814)
923 (1753)
377 (1149)
518 (759)
160 (987)
456 (804)
752 (2578)
852 (538)
991 (1268)
905 (640)
998 (2713)
899 (1252)
114 (816)
595 (797)
710 (1044)
867 (1530)
170 (1203)
438 (4511)
563 (1065)
705 (888)
357 (1142)
659 (835)
719 (663)
332 (1861)
361 (1104)
421 (656)
322 (1154)
926 (672)
928 (1034)
75 (3151)
108 (940)
486 (1547)
440 (1943)
38 (2402)
252 (781)
784 (1257)
265 (1359)
187 (759)
624 (915)
686 (1495)
943 (821)
36 (528)
925 (652)
540 (1293)
492 (665)
468 (1089)
663 (2354)
819 (1257)
886 (3053)
429 (1037)
843 (1222)
129 (1547)
578 (1290)
510 (3281)
241 (784)
68 (1601)
216 (525)
860 (1255)
318 (812)
4 (1394)
339 (695)
304 (805)
887 (1671)
309 (1262)
804 (1315)
933 (523)
325 (1022)
648 (653)
745 (909)
934 (510)
128 (525)
268 (885)
298 (778)
826 (2022)
394 (1145)
525 (609)
707 (1354)
616 (568)
838 (953)
105 (1100)
815 (1358)
948 (1149)
345 (801)
868 (510)
308 (1402)
661 (2693)
634 (2492)
690 (778)
215 (781)
351 (1641)
139 (671)
405 (1525)
408 (607)
911 (586)
167 (625)
409 (651)
688 (1132)
949 (1414)
163 (1256)
893 (1947)
335 (1345)
922 (990)
173 (1080)
203 (861)
299 (522)
258 (1036)
629 (893)
760 (698)
66 (888)
314 (846)
321 (676)
85 (1555)
11 (525)
450 (2082)
428 (1021)
263 (654)
550 (1203)
769 (1622)
407 (634)
647 (551)
80 (826)
732 (799)
953 (525)
557 (587)
558 (957)
475 (663)
608 (999)
507 (950)
554 (1114)
771 (505)
366 (1031)
762 (792)
144 (505)
412 (517)
689 (817)
53 (535)
820 (1473)
212 (778)
156 (572)
909 (525)
831 (852)
833 (629)
207 (1214)
0 (594)
316 (578)
467 (742)
493 (583)
645 (581)
190 (531)
226 (658)
3 (531)
828 (542)
505 (791)
448 538 (723)
39 704 (1107)
39 825 (1187)
704 825 (1102)
708 883 (609)
708 978 (569)
853 883 (571)
883 978 (601)
529 782 (862)
227 390 (1049)
674 720 (537)
496 626 (761)
175 766 (552)
175 910 (713)
571 623 (783)
571 795 (838)
571 853 (793)
597 766 (569)
597 960 (504)
623 795 (805)
623 853 (791)
766 960 (621)
795 853 (806)
392 461 (502)
392 569 (535)
392 801 (664)
392 862 (881)
461 569 (500)
461 862 (514)
569 801 (503)
569 862 (552)
801 862 (674)
177 775 (510)
350 411 (624)
350 572 (613)
350 579 (630)
350 803 (634)
350 842 (601)
411 572 (610)
411 579 (617)
411 803 (826)
411 842 (603)
572 579 (601)
572 803 (604)
572 842 (592)
579 803 (619)
579 842 (600)
803 842 (607)
71 766 (673)
208 290 (803)
208 458 (796)
208 888 (829)
208 969 (806)
217 888 (539)
279 766 (501)
290 458 (786)
290 888 (826)
290 969 (797)
458 888 (796)
458 969 (788)
888 969 (810)
130 274 (544)
403 950 (541)
192 487 (517)
192 638 (529)
192 888 (534)
192 935 (775)
471 678 (810)
487 638 (523)
487 888 (558)
487 935 (519)
631 735 (535)
631 780 (540)
638 888 (529)
638 935 (513)
735 780 (527)
888 935 (535)
17 956 (607)
242 471 (685)
242 758 (669)
471 758 (694)
522 617 (622)
210 829 (508)
346 561 (666)
346 888 (689)
529 829 (584)
561 888 (678)
704 884 (540)
789 829 (1194)
296 829 (736)
460 684 (619)
242 392 (524)
242 489 (526)
279 489 (547)
392 489 (866)
529 591 (509)
58 354 (643)
154 168 (574)
580 871 (541)
368 829 (1194)
72 541 (846)
72 937 (628)
296 368 (634)
368 529 (640)
368 937 (701)
368 766 (504)
354 583 (660)
354 617 (680)
583 617 (631)
516 744 (678)
6 676 (769)
158 354 (644)
158 583 (639)
158 617 (637)
593 862 (615)
21 793 (765)
21 857 (729)
793 857 (734)
529 598 (943)
598 782 (800)
143 460 (555)
143 481 (558)
143 919 (564)
460 481 (526)
460 919 (591)
481 919 (536)
774 883 (557)
581 966 (624)
214 354 (775)
214 956 (577)
354 956 (586)
581 631 (580)
675 701 (540)
116 673 (577)
12 132 (785)
348 912 (562)
72 183 (575)
183 541 (529)
825 879 (537)
373 716 (585)
401 460 (554)
120 829 (575)
538 878 (767)
494 541 (694)
494 631 (659)
494 963 (611)
541 631 (625)
541 963 (590)
631 963 (591)
145 419 (631)
419 797 (622)
692 766 (535)
57 937 (782)
21 57 (661)
41 541 (589)
385 684 (639)
460 923 (574)
684 923 (514)
419 752 (597)
33 217 (852)
33 283 (845)
33 346 (844)
33 515 (824)
217 283 (926)
217 346 (1336)
217 515 (843)
283 346 (910)
283 515 (835)
346 515 (849)
854 899 (539)
523 998 (561)
120 593 (642)
120 862 (665)
120 885 (507)
120 895 (685)
593 895 (631)
617 885 (632)
862 895 (635)
69 362 (757)
27 58 (537)
27 354 (529)
354 752 (548)
157 719 (519)
354 480 (540)
923 947 (859)
75 438 (772)
75 684 (797)
438 684 (825)
684 766 (613)
368 460 (502)
21 413 (756)
413 793 (766)
413 857 (731)
70 684 (860)
70 765 (789)
70 819 (798)
684 765 (812)
684 819 (800)
765 819 (787)
93 789 (538)
606 975 (682)
32 947 (720)
788 956 (733)
6 472 (635)
177 947 (600)
217 561 (519)
217 394 (543)
217 487 (546)
217 510 (547)
470 534 (764)
470 995 (754)
487 510 (646)
534 995 (750)
707 867 (504)
471 871 (643)
100 362 (595)
12 120 (503)
105 494 (622)
105 815 (616)
105 862 (616)
105 944 (626)
120 132 (512)
120 638 (500)
132 638 (540)
494 815 (625)
494 862 (720)
494 944 (654)
815 862 (615)
815 944 (626)
862 944 (659)
75 325 (500)
75 775 (787)
368 682 (1193)
349 634 (512)
17 541 (613)
236 541 (510)
236 956 (521)
240 956 (524)
541 956 (570)
57 368 (568)
368 494 (860)
494 682 (714)
349 888 (530)
354 722 (566)
75 829 (510)
90 120 (523)
90 309 (536)
90 510 (510)
90 620 (550)
90 793 (519)
120 309 (502)
120 510 (542)
120 620 (511)
120 793 (547)
309 620 (501)
309 793 (507)
510 620 (509)
510 793 (535)
620 793 (519)
494 883 (671)
494 893 (572)
32 285 (687)
720 780 (587)
6 32 (607)
32 472 (609)
335 509 (639)
509 937 (643)
884 937 (594)
197 878 (544)
236 829 (566)
39 368 (565)
368 470 (581)
798 862 (513)
470 793 (581)
419 854 (519)
419 665 (533)
793 984 (656)
368 692 (928)
12 227 (657)
12 390 (687)
12 722 (740)
227 722 (995)
390 722 (1042)
675 886 (823)
401 571 (708)
21 205 (620)
217 546 (599)
217 661 (693)
217 923 (625)
217 947 (716)
546 661 (610)
546 923 (600)
546 947 (608)
661 923 (623)
661 947 (637)
52 598 (539)
692 746 (578)
368 438 (518)
39 145 (734)
438 966 (676)
69 285 (513)
69 871 (515)
285 871 (523)
448 887 (621)
538 780 (511)
21 362 (523)
21 918 (511)
38 362 (617)
38 918 (506)
57 362 (538)
57 918 (504)
362 918 (532)
183 366 (616)
183 766 (608)
746 966 (618)
793 914 (568)
914 984 (546)
39 419 (511)
285 947 (677)
132 688 (580)
419 581 (546)
814 829 (501)
54 998 (637)
477 766 (525)
450 937 (561)
368 653 (548)
54 944 (640)
944 998 (637)
229 758 (516)
401 758 (604)
94 428 (508)
471 663 (633)
663 871 (624)
175 834 (543)
4 373 (572)
4 716 (576)
185 471 (680)
185 678 (664)
185 960 (677)
471 960 (935)
678 960 (669)
205 529 (554)
39 704 825 (1035)
708 883 978 (542)
571 623 795 (704)
571 623 853 (713)
571 795 853 (715)
623 795 853 (720)
392 801 862 (637)
350 411 572 (565)
350 411 579 (562)
350 411 803 (573)
350 411 842 (566)
350 572 579 (557)
350 572 803 (563)
350 572 842 (561)
350 579 803 (565)
350 579 842 (562)
350 803 842 (570)
411 572 579 (560)
411 572 803 (567)
411 572 842 (561)
411 579 803 (573)
411 579 842 (568)
411 803 842 (575)
572 579 803 (559)
572 579 842 (558)
572 803 842 (562)
579 803 842 (570)
208 290 458 (751)
208 290 888 (764)
208 290 969 (764)
208 458 888 (757)
208 458 969 (755)
208 888 969 (771)
290 458 888 (750)
290 458 969 (748)
290 888 969 (765)
458 888 969 (756)
192 487 935 (500)
192 638 935 (504)
192 888 935 (505)
242 471 758 (607)
346 561 888 (605)
354 583 617 (586)
158 354 583 (595)
158 354 617 (597)
158 583 617 (590)
21 793 857 (695)
529 598 782 (737)
494 541 631 (554)
494 541 963 (549)
494 631 963 (546)
541 631 963 (540)
33 217 283 (793)
33 217 346 (802)
33 217 515 (789)
33 283 346 (802)
33 283 515 (786)
33 346 515 (797)
217 283 346 (827)
217 283 515 (799)
217 346 515 (809)
283 346 515 (806)
120 593 862 (572)
120 593 895 (579)
120 862 895 (571)
593 862 895 (573)
75 438 684 (672)
21 413 793 (700)
21 413 857 (688)
413 793 857 (691)
70 684 765 (695)
70 684 819 (700)
70 765 819 (698)
684 765 819 (699)
470 534 995 (667)
105 494 815 (552)
105 494 862 (549)
105 494 944 (557)
105 815 862 (547)
105 815 944 (566)
105 862 944 (559)
494 815 862 (546)
494 815 944 (553)
494 862 944 (550)
815 862 944 (552)
368 494 682 (591)
6 32 472 (545)
12 227 390 (607)
12 227 722 (609)
12 390 722 (629)
227 390 722 (907)
217 546 661 (585)
217 546 923 (576)
217 546 947 (577)
217 661 923 (584)
217 661 947 (583)
217 923 947 (583)
546 661 923 (592)
546 661 947 (592)
546 923 947 (584)
661 923 947 (591)
32 285 947 (609)
296 368 829 (501)
54 944 998 (578)
471 663 871 (568)
4 373 716 (531)
185 471 678 (657)
185 471 960 (656)
185 678 960 (652)
471 678 960 (658)
571 623 795 853 (655)
350 411 572 579 (529)
350 411 572 803 (535)
350 411 572 842 (532)
350 411 579 803 (535)
350 411 579 842 (533)
350 411 803 842 (541)
350 572 579 803 (528)
350 572 579 842 (528)
350 572 803 842 (534)
350 579 803 842 (535)
411 572 579 803 (533)
411 572 579 842 (531)
411 572 803 842 (535)
411 579 803 842 (542)
572 579 803 842 (531)
208 290 458 888 (720)
208 290 458 969 (719)
208 290 888 969 (734)
208 458 888 969 (725)
290 458 888 969 (720)
158 354 583 617 (557)
494 541 631 963 (513)
33 217 283 346 (766)
33 217 283 515 (755)
33 217 346 515 (764)
33 283 346 515 (763)
217 283 346 515 (773)
120 593 862 895 (562)
21 413 793 857 (664)
70 684 765 819 (630)
105 494 815 862 (500)
105 494 815 944 (512)
105 494 862 944 (507)
105 815 862 944 (510)
494 815 862 944 (502)
12 227 390 722 (578)
217 546 661 923 (571)
217 546 661 947 (572)
217 546 923 947 (564)
217 661 923 947 (568)
546 661 923 947 (578)
185 471 678 960 (648)
350 411 572 579 803 (504)
350 411 572 579 842 (503)
350 411 572 803 842 (509)
350 411 579 803 842 (509)
350 572 579 803 842 (503)
411 572 579 803 842 (507)
208 290 458 888 969 (693)
33 217 283 346 515 (732)
217 546 661 923 947 (559)
